IDStavkeRacuna;Racun-Kupac-TransakcijaID;IDArtikla;Opis;Godina;Mjesec;Dan;IDTipaPakiranja;Kolicina;JedinicnaCijena;PoreznaStopa;UkupnoSuhihArtikala;UkupnoHladnihArtikala;IDBojeArtikla
1;1 - 111 - 12126;67;Ride on toy sedan car (Black) 1/12 scale;2017;1;1;7;10;230;15;1;0;3
2;2 - 803 - 15342;50;Developer joke mug - old C developers never die (White);2017;1;1;7;9;13;15;2;0;35
3;2 - 803 - 15342;10;USB food flash drive - chocolate bar;2017;1;1;7;9;32;15;2;0;
4;3 - 105 - 12211;114;Superhero action jacket (Blue) XXL;2017;1;1;7;3;30;15;1;0;4
5;4 - 57 - 17129;206;Permanent marker black 5mm nib (Black) 5mm;2017;1;1;7;96;3;15;3;0;
6;4 - 57 - 17129;130;Furry gorilla with big eyes slippers (Black) S;2017;1;1;7;5;32;15;3;0;3
7;4 - 57 - 17129;50;Developer joke mug - old C developers never die (White);2017;1;1;7;2;13;15;3;0;35
8;5 - 905 - 10369;128;Plush shark slippers (Gray) L;2017;1;1;7;4;32;15;3;0;12
9;5 - 905 - 10369;121;Dinosaur battery-powered slippers (Green) XL;2017;1;1;7;3;32;15;3;0;
10;5 - 905 - 10369;155;Large sized bubblewrap roll 50m;2017;1;1;7;20;24;15;3;0;
11;6 - 976 - 13383;150;Pack of 12 action figures (variety);2017;1;1;9;4;16;15;3;0;
12;6 - 976 - 13383;40;Developer joke mug - (hip, hip, array) (White);2017;1;1;7;6;13;15;3;0;35
13;6 - 976 - 13383;126;Plush shark slippers (Gray) S;2017;1;1;7;9;32;15;3;0;12
14;7 - 575 - 17913;39;Developer joke mug - inheritance is the OO way to become wealthy (Black);2017;1;1;7;9;13;15;4;0;3
15;7 - 575 - 17913;184;Shipping carton (Brown) 305x305x305mm;2017;1;1;7;75;4;15;4;0;
16;7 - 575 - 17913;9;USB food flash drive - banana;2017;1;1;7;6;32;15;4;0;
17;7 - 575 - 17913;132;Furry gorilla with big eyes slippers (Black) L;2017;1;1;7;1;32;15;4;0;3
18;8 - 964 - 14518;9;USB food flash drive - banana;2017;1;1;7;4;32;15;3;0;
19;8 - 964 - 14518;32;Developer joke mug - that's a hardware problem (White);2017;1;1;7;9;13;15;3;0;35
20;8 - 964 - 14518;50;Developer joke mug - old C developers never die (White);2017;1;1;7;1;13;15;3;0;35
21;9 - 77 - 17577;58;RC toy sedan car with remote control (Black) 1/50 scale;2017;1;1;7;2;25;15;2;0;3
22;9 - 77 - 17577;134;Animal with big feet slippers (Brown) S;2017;1;1;7;4;32;15;2;0;
23;10 - 191 - 18030;38;Developer joke mug - inheritance is the OO way to become wealthy (White);2017;1;1;7;5;13;15;2;0;35
24;10 - 191 - 18030;34;Developer joke mug - fun was unexpected at this time (White);2017;1;1;7;3;13;15;2;0;35
25;11 - 586 - 17639;45;Developer joke mug - there are 10 types of people in the world (Black);2017;1;1;7;1;13;15;1;0;3
26;12 - 529 - 10941;62;RC toy sedan car with remote control (Yellow) 1/50 scale;2017;1;1;7;5;25;15;2;0;36
27;12 - 529 - 10941;44;Developer joke mug - there are 10 types of people in the world (White);2017;1;1;7;8;13;15;2;0;35
28;13 - 473 - 16374;156;10 mm Double sided bubble wrap 10m;2017;1;1;7;10;15;15;2;0;
29;13 - 473 - 16374;73;Ride on vintage American toy coupe (Red) 1/12 scale;2017;1;1;7;8;285;15;2;0;28
30;14 - 870 - 17521;111;Superhero action jacket (Blue) M;2017;1;1;7;4;30;15;3;0;4
31;14 - 870 - 17521;163;32 mm Double sided bubble wrap 20m;2017;1;1;7;10;37;15;3;0;
32;14 - 870 - 17521;132;Furry gorilla with big eyes slippers (Black) L;2017;1;1;7;5;32;15;3;0;3
33;15 - 991 - 11911;108;Superhero action jacket (Blue) XXS;2017;1;1;7;6;25;15;2;0;4
34;15 - 991 - 11911;210;Packing knife with metal insert blade (Yellow) 18mm;2017;1;1;7;10;2;15;2;0;
35;16 - 414 - 10690;115;Superhero action jacket (Blue) 3XL;2017;1;1;7;2;34;15;1;0;4
36;17 - 910 - 10255;133;Furry gorilla with big eyes slippers (Black) XL;2017;1;1;7;10;32;15;2;0;3
37;17 - 910 - 10255;47;Developer joke mug - a foo walks into a bar (Black);2017;1;1;7;8;13;15;2;0;3
38;18 - 949 - 16825;22;DBA joke mug - it depends (White);2017;1;1;7;7;13;15;1;0;35
39;19 - 973 - 12227;15;USB food flash drive - dessert 10 drive variety pack;2017;1;1;9;8;240;15;3;0;
40;19 - 973 - 12227;75;Ride on big wheel monster truck (Black) 1/12 scale;2017;1;1;7;1;345;15;3;0;3
41;19 - 973 - 12227;68;Ride on toy sedan car (Red) 1/12 scale;2017;1;1;7;4;230;15;3;0;28
42;20 - 884 - 16793;111;Superhero action jacket (Blue) M;2017;1;1;7;8;30;15;1;0;4
43;21 - 173 - 12467;144;Halloween zombie mask (Light Brown) L;2017;1;1;7;24;18;15;3;0;18
44;21 - 173 - 12467;121;Dinosaur battery-powered slippers (Green) XL;2017;1;1;7;2;32;15;3;0;
45;21 - 173 - 12467;54;IT joke mug - that behavior is by design (White);2017;1;1;7;3;13;15;3;0;35
46;22 - 890 - 13700;128;Plush shark slippers (Gray) L;2017;1;1;7;1;32;15;2;0;12
47;22 - 890 - 13700;158;10 mm Double sided bubble wrap 50m;2017;1;1;7;30;105;15;2;0;
48;23 - 189 - 11503;21;DBA joke mug - you might be a DBA if (Black);2017;1;1;7;4;13;15;3;0;3
49;23 - 189 - 11503;69;Ride on toy sedan car (Blue) 1/12 scale;2017;1;1;7;5;230;15;3;0;4
50;23 - 189 - 11503;137;Animal with big feet slippers (Brown) XL;2017;1;1;7;9;32;15;3;0;
51;24 - 873 - 13916;70;Ride on toy sedan car (Green) 1/12 scale;2017;1;1;7;2;230;15;2;0;
52;24 - 873 - 13916;210;Packing knife with metal insert blade (Yellow) 18mm;2017;1;1;7;5;2;15;2;0;
53;25 - 497 - 17783;35;Developer joke mug - fun was unexpected at this time (Black);2017;1;1;7;5;13;15;2;0;3
54;25 - 497 - 17783;14;USB food flash drive - fortune cookie;2017;1;1;7;2;32;15;2;0;
55;26 - 484 - 13042;42;Developer joke mug - understanding recursion requires understanding recursion (White);2017;1;1;7;1;13;15;1;0;35
56;27 - 89 - 10411;121;Dinosaur battery-powered slippers (Green) XL;2017;1;1;7;9;32;15;2;0;
57;27 - 89 - 10411;48;Developer joke mug - this code was generated by a tool (White);2017;1;1;7;1;13;15;2;0;35
58;28 - 148 - 15084;147;Halloween skull mask (Gray) M;2017;1;1;7;12;18;15;3;0;12
59;28 - 148 - 15084;33;Developer joke mug - that's a hardware problem (Black);2017;1;1;7;4;13;15;3;0;3
60;28 - 148 - 15084;170;20 mm Anti static bubble wrap (Blue) 50m;2017;1;1;7;40;102;15;3;0;4
61;29 - 972 - 11389;125;Ogre battery-powered slippers (Green) XL;2017;1;1;7;4;32;15;2;0;
62;29 - 972 - 11389;104;Alien officer hoodie (Black) 3XL;2017;1;1;7;7;35;15;2;0;3
63;30 - 567 - 12559;60;RC toy sedan car with remote control (Blue) 1/50 scale;2017;1;1;7;4;25;15;1;0;4
64;31 - 92 - 19457;44;Developer joke mug - there are 10 types of people in the world (White);2017;1;1;7;5;13;15;3;0;35
65;31 - 92 - 19457;213;Air cushion film 200mmx100mm 325m;2017;1;1;7;7;87;15;3;0;
66;31 - 92 - 19457;61;RC toy sedan car with remote control (Green) 1/50 scale;2017;1;1;7;3;25;15;3;0;
67;32 - 811 - 18468;66;RC big wheel monster truck with remote control (Black) 1/50 scale;2017;1;1;7;8;45;15;3;0;3
68;32 - 811 - 18468;63;RC toy sedan car with remote control (Pink) 1/50 scale;2017;1;1;7;4;25;15;3;0;
69;32 - 811 - 18468;125;Ogre battery-powered slippers (Green) XL;2017;1;1;7;10;32;15;3;0;
70;33 - 10 - 14486;207;Permanent marker blue 5mm nib (Blue) 5mm;2017;1;1;7;12;3;15;1;0;
71;34 - 862 - 19057;168;20 mm Anti static bubble wrap (Blue) 10m;2017;1;1;7;10;29;15;5;0;4
72;34 - 862 - 19057;123;Ogre battery-powered slippers (Green) M;2017;1;1;7;9;32;15;5;0;
73;34 - 862 - 19057;2;USB rocket launcher (Gray);2017;1;1;7;8;25;15;5;0;12
74;34 - 862 - 19057;27;DBA joke mug - SELECT caffeine FROM mug (Black);2017;1;1;7;1;13;15;5;0;3
75;34 - 862 - 19057;5;USB food flash drive - hamburger;2017;1;1;7;1;32;15;5;0;
76;35 - 431 - 18036;60;RC toy sedan car with remote control (Blue) 1/50 scale;2017;1;1;7;8;25;15;1;0;4
77;36 - 908 - 13079;133;Furry gorilla with big eyes slippers (Black) XL;2017;1;1;7;1;32;15;4;0;3
78;36 - 908 - 13079;35;Developer joke mug - fun was unexpected at this time (Black);2017;1;1;7;10;13;15;4;0;3
79;36 - 908 - 13079;134;Animal with big feet slippers (Brown) S;2017;1;1;7;4;32;15;4;0;
80;36 - 908 - 13079;120;Dinosaur battery-powered slippers (Green) L;2017;1;1;7;6;32;15;4;0;
81;37 - 995 - 19402;35;Developer joke mug - fun was unexpected at this time (Black);2017;1;1;7;10;13;15;1;0;3
82;38 - 910 - 15267;57;IT joke mug - hardware: part of the computer that can be kicked (Black);2017;1;1;7;2;13;15;1;0;3
83;39 - 545 - 12781;51;Developer joke mug - old C developers never die (Black);2017;1;1;7;7;13;15;3;0;3
84;39 - 545 - 12781;43;Developer joke mug - understanding recursion requires understanding recursion (Black);2017;1;1;7;3;13;15;3;0;3
85;39 - 545 - 12781;15;USB food flash drive - dessert 10 drive variety pack;2017;1;1;9;1;240;15;3;0;
86;40 - 1000 - 17334;66;RC big wheel monster truck with remote control (Black) 1/50 scale;2017;1;1;7;8;45;15;2;0;3
87;40 - 1000 - 17334;120;Dinosaur battery-powered slippers (Green) L;2017;1;1;7;9;32;15;2;0;
88;41 - 415 - 16645;112;Superhero action jacket (Blue) L;2017;1;1;7;3;30;15;2;0;4
89;41 - 415 - 16645;214;Air cushion film 200mmx200mm 325m;2017;1;1;7;2;90;15;2;0;
90;42 - 423 - 13260;115;Superhero action jacket (Blue) 3XL;2017;1;2;7;6;34;15;3;0;4
91;42 - 423 - 13260;40;Developer joke mug - (hip, hip, array) (White);2017;1;2;7;10;13;15;3;0;35
92;42 - 423 - 13260;162;32 mm Double sided bubble wrap 10m;2017;1;2;7;100;22;15;3;0;
93;43 - 463 - 16070;94;"""The Gu"" red shirt XML tag t-shirt (Black) L";2017;1;2;7;24;18;15;2;0;3
94;43 - 463 - 16070;110;Superhero action jacket (Blue) S;2017;1;2;7;2;25;15;2;0;4
95;44 - 467 - 14159;71;Ride on toy sedan car (Yellow) 1/12 scale;2017;1;2;7;10;230;15;2;0;36
96;44 - 467 - 14159;182;Shipping carton (Brown) 457x279x279mm;2017;1;2;7;200;1;15;2;0;
97;45 - 832 - 12126;164;32 mm Double sided bubble wrap 50m;2017;1;2;7;50;112;15;1;0;
98;46 - 803 - 15342;89;"""The Gu"" red shirt XML tag t-shirt (Black) 3XS";2017;1;2;7;72;18;15;2;0;3
99;46 - 803 - 15342;171;32 mm Anti static bubble wrap (Blue) 10m;2017;1;2;7;90;32;15;2;0;4
100;47 - 105 - 12211;167;10 mm Anti static bubble wrap (Blue) 50m;2017;1;2;7;50;99;15;3;0;4
101;47 - 105 - 12211;219;Void fill 400 L bag (White) 400L;2017;1;2;7;80;50;15;3;0;
102;47 - 105 - 12211;72;Ride on toy sedan car (Pink) 1/12 scale;2017;1;2;7;9;230;15;3;0;
103;48 - 905 - 10369;100;"""The Gu"" red shirt XML tag t-shirt (Black) 6XL";2017;1;2;7;72;18;15;2;0;3
104;48 - 905 - 10369;151;Pack of 12 action figures (male);2017;1;2;9;8;16;15;2;0;
105;49 - 575 - 17913;156;10 mm Double sided bubble wrap 10m;2017;1;2;7;100;15;15;1;0;
106;50 - 964 - 14518;209;Packing knife with metal insert blade (Yellow) 9mm;2017;1;2;7;45;2;15;1;0;
107;51 - 77 - 17577;95;"""The Gu"" red shirt XML tag t-shirt (Black) XL";2017;1;2;7;24;18;15;1;0;3
108;52 - 191 - 18030;195;Black and orange handle with care despatch tape  48mmx75m;2017;1;2;7;72;4;15;1;0;
109;53 - 586 - 17639;146;Halloween skull mask (Gray) S;2017;1;2;7;48;18;15;4;0;12
110;53 - 586 - 17639;76;"""The Gu"" red shirt XML tag t-shirt (White) 3XS";2017;1;2;7;84;18;15;4;0;35
111;53 - 586 - 17639;99;"""The Gu"" red shirt XML tag t-shirt (Black) 5XL";2017;1;2;7;24;18;15;4;0;3
112;53 - 586 - 17639;170;20 mm Anti static bubble wrap (Blue) 50m;2017;1;2;7;90;102;15;4;0;4
113;54 - 529 - 10941;181;Shipping carton (Brown) 356x229x229mm;2017;1;2;7;75;1;15;1;0;
114;55 - 473 - 16374;94;"""The Gu"" red shirt XML tag t-shirt (Black) L";2017;1;2;7;84;18;15;3;0;3
115;55 - 473 - 16374;200;Black and yellow heavy despatch tape 48mmx100m;2017;1;2;7;96;4;15;3;0;
116;55 - 473 - 16374;99;"""The Gu"" red shirt XML tag t-shirt (Black) 5XL";2017;1;2;7;84;18;15;3;0;3
117;56 - 870 - 17521;81;"""The Gu"" red shirt XML tag t-shirt (White) L";2017;1;2;7;84;18;15;2;0;35
118;56 - 870 - 17521;100;"""The Gu"" red shirt XML tag t-shirt (Black) 6XL";2017;1;2;7;96;18;15;2;0;3
119;57 - 414 - 10690;64;RC vintage American toy coupe with remote control (Red) 1/50 scale;2017;1;2;7;6;30;15;1;0;28
120;58 - 910 - 10255;41;Developer joke mug - (hip, hip, array) (Black);2017;1;2;7;10;13;15;3;0;3
121;58 - 910 - 10255;54;IT joke mug - that behavior is by design (White);2017;1;2;7;9;13;15;3;0;35
122;58 - 910 - 10255;168;20 mm Anti static bubble wrap (Blue) 10m;2017;1;2;7;50;29;15;3;0;4
123;59 - 949 - 16825;191;Black and orange fragile despatch tape 48mmx75m;2017;1;2;7;288;4;15;3;0;
124;59 - 949 - 16825;88;"""The Gu"" red shirt XML tag t-shirt (White) 7XL";2017;1;2;7;108;18;15;3;0;35
125;59 - 949 - 16825;167;10 mm Anti static bubble wrap (Blue) 50m;2017;1;2;7;60;99;15;3;0;4
126;60 - 973 - 12227;165;10 mm Anti static bubble wrap (Blue) 10m;2017;1;2;7;70;26;15;2;0;4
127;60 - 973 - 12227;50;Developer joke mug - old C developers never die (White);2017;1;2;7;9;13;15;2;0;35
128;61 - 884 - 16793;7;USB food flash drive - pizza slice;2017;1;2;7;2;32;15;1;0;
129;62 - 173 - 12467;194;Black and orange glass with care despatch tape  48mmx100m;2017;1;2;7;168;4;15;1;0;
130;63 - 189 - 11503;92;"""The Gu"" red shirt XML tag t-shirt (Black) S";2017;1;2;7;72;18;15;1;0;3
131;64 - 497 - 17783;84;"""The Gu"" red shirt XML tag t-shirt (White) 3XL";2017;1;2;7;36;18;15;1;0;35
132;65 - 484 - 13042;198;Black and orange this way up despatch tape  48mmx100m;2017;1;2;7;72;4;15;4;0;
133;65 - 484 - 13042;202;Red and white urgent  heavy despatch tape  48mmx100m;2017;1;2;7;96;4;15;4;0;
134;65 - 484 - 13042;99;"""The Gu"" red shirt XML tag t-shirt (Black) 5XL";2017;1;2;7;48;18;15;4;0;3
135;65 - 484 - 13042;197;Black and orange this way up despatch tape 48mmx75m;2017;1;2;7;96;4;15;4;0;
136;66 - 89 - 10411;163;32 mm Double sided bubble wrap 20m;2017;1;2;7;50;37;15;1;0;
137;67 - 148 - 15084;167;10 mm Anti static bubble wrap (Blue) 50m;2017;1;2;7;50;99;15;1;0;4
138;68 - 972 - 11389;85;"""The Gu"" red shirt XML tag t-shirt (White) 4XL";2017;1;2;7;48;18;15;1;0;35
139;69 - 567 - 12559;138;Furry animal socks (Pink) S;2017;1;2;10;120;5;15;1;0;
140;70 - 92 - 19457;191;Black and orange fragile despatch tape 48mmx75m;2017;1;2;7;144;4;15;2;0;
141;70 - 92 - 19457;55;IT joke mug - that behavior is by design (Black);2017;1;2;7;3;13;15;2;0;3
142;71 - 811 - 18468;109;Superhero action jacket (Blue) XS;2017;1;2;7;7;25;15;2;0;4
143;71 - 811 - 18468;18;DBA joke mug - daaaaaa-ta (White);2017;1;2;7;7;13;15;2;0;35
144;72 - 10 - 14486;210;Packing knife with metal insert blade (Yellow) 18mm;2017;1;2;7;45;2;15;2;0;
145;72 - 10 - 14486;197;Black and orange this way up despatch tape 48mmx75m;2017;1;2;7;96;4;15;2;0;
146;73 - 431 - 18036;162;32 mm Double sided bubble wrap 10m;2017;1;2;7;40;22;15;2;0;
147;73 - 431 - 18036;141;Furry animal socks (Pink) XL;2017;1;2;10;108;5;15;2;0;
148;74 - 908 - 13079;183;Shipping carton (Brown) 480x270x320mm;2017;1;2;7;100;3;15;1;0;
149;75 - 995 - 19402;147;Halloween skull mask (Gray) M;2017;1;2;7;60;18;15;1;0;12
150;76 - 910 - 15267;170;20 mm Anti static bubble wrap (Blue) 50m;2017;1;2;7;30;102;15;2;0;4
151;76 - 910 - 15267;172;32 mm Anti static bubble wrap (Blue) 20m;2017;1;2;7;70;48;15;2;0;4
152;77 - 545 - 12781;172;32 mm Anti static bubble wrap (Blue) 20m;2017;1;2;7;90;48;15;2;0;4
153;77 - 545 - 12781;148;Halloween skull mask (Gray) L;2017;1;2;7;36;18;15;2;0;12
154;78 - 1000 - 17334;165;10 mm Anti static bubble wrap (Blue) 10m;2017;1;2;7;40;26;15;3;0;4
155;78 - 1000 - 17334;80;"""The Gu"" red shirt XML tag t-shirt (White) M";2017;1;2;7;12;18;15;3;0;35
156;78 - 1000 - 17334;166;10 mm Anti static bubble wrap (Blue) 20m;2017;1;2;7;90;42;15;3;0;4
157;79 - 415 - 16645;138;Furry animal socks (Pink) S;2017;1;2;10;84;5;15;1;0;
158;80 - 543 - 17591;214;Air cushion film 200mmx200mm 325m;2017;1;2;7;10;90;15;3;0;
159;80 - 543 - 17591;36;Developer joke mug - when your hammer is C++ (White);2017;1;2;7;6;13;15;3;0;35
160;80 - 543 - 17591;118;Dinosaur battery-powered slippers (Green) S;2017;1;2;7;5;32;15;3;0;
161;81 - 456 - 14618;120;Dinosaur battery-powered slippers (Green) L;2017;1;2;7;8;32;15;2;0;
162;81 - 456 - 14618;112;Superhero action jacket (Blue) L;2017;1;2;7;4;30;15;2;0;4
163;82 - 487 - 19857;30;Developer joke mug - Oct 31 = Dec 25 (White);2017;1;2;7;9;13;15;2;0;35
164;82 - 487 - 19857;46;Developer joke mug - a foo walks into a bar (White);2017;1;2;7;9;13;15;2;0;35
165;83 - 154 - 17849;172;32 mm Anti static bubble wrap (Blue) 20m;2017;1;2;7;100;48;15;4;0;4
166;83 - 154 - 17849;148;Halloween skull mask (Gray) L;2017;1;2;7;72;18;15;4;0;12
167;83 - 154 - 17849;28;DBA joke mug - two types of DBAs (White);2017;1;2;7;2;13;15;4;0;35
168;83 - 154 - 17849;194;Black and orange glass with care despatch tape  48mmx100m;2017;1;2;7;24;4;15;4;0;
169;84 - 111 - 10947;130;Furry gorilla with big eyes slippers (Black) S;2017;1;2;7;8;32;15;2;0;3
170;84 - 111 - 10947;22;DBA joke mug - it depends (White);2017;1;2;7;4;13;15;2;0;35
171;85 - 585 - 11610;23;DBA joke mug - it depends (Black);2017;1;2;7;9;13;15;2;0;3
172;85 - 585 - 11610;200;Black and yellow heavy despatch tape 48mmx100m;2017;1;2;7;144;4;15;2;0;
173;86 - 128 - 14853;145;Halloween zombie mask (Light Brown) XL;2017;1;2;7;72;18;15;2;0;18
174;86 - 128 - 14853;60;RC toy sedan car with remote control (Blue) 1/50 scale;2017;1;2;7;6;25;15;2;0;4
175;87 - 473 - 10821;148;Halloween skull mask (Gray) L;2017;1;2;7;84;18;15;2;0;12
176;87 - 473 - 10821;126;Plush shark slippers (Gray) S;2017;1;2;7;10;32;15;2;0;12
177;88 - 58 - 15491;208;Permanent marker red 5mm nib (Red) 5mm;2017;1;2;7;36;3;15;3;0;
178;88 - 58 - 15491;23;DBA joke mug - it depends (Black);2017;1;2;7;9;13;15;3;0;3
179;88 - 58 - 15491;71;Ride on toy sedan car (Yellow) 1/12 scale;2017;1;2;7;4;230;15;3;0;36
180;89 - 586 - 14474;129;Plush shark slippers (Gray) XL;2017;1;2;7;6;32;15;3;0;12
181;89 - 586 - 14474;58;RC toy sedan car with remote control (Black) 1/50 scale;2017;1;2;7;10;25;15;3;0;3
182;89 - 586 - 14474;33;Developer joke mug - that's a hardware problem (Black);2017;1;2;7;10;13;15;3;0;3
183;90 - 910 - 10079;92;"""The Gu"" red shirt XML tag t-shirt (Black) S";2017;1;2;7;60;18;15;4;0;3
184;90 - 910 - 10079;50;Developer joke mug - old C developers never die (White);2017;1;2;7;4;13;15;4;0;35
185;90 - 910 - 10079;184;Shipping carton (Brown) 305x305x305mm;2017;1;2;7;75;4;15;4;0;
186;90 - 910 - 10079;128;Plush shark slippers (Gray) L;2017;1;2;7;4;32;15;4;0;12
187;91 - 82 - 11612;118;Dinosaur battery-powered slippers (Green) S;2017;1;2;7;1;32;15;3;0;
188;91 - 82 - 11612;88;"""The Gu"" red shirt XML tag t-shirt (White) 7XL";2017;1;2;7;108;18;15;3;0;35
189;91 - 82 - 11612;63;RC toy sedan car with remote control (Pink) 1/50 scale;2017;1;2;7;8;25;15;3;0;
190;92 - 3 - 11991;36;Developer joke mug - when your hammer is C++ (White);2017;1;2;7;4;13;15;2;0;35
191;92 - 3 - 11991;29;DBA joke mug - two types of DBAs (Black);2017;1;2;7;4;13;15;2;0;3
192;93 - 857 - 19321;33;Developer joke mug - that's a hardware problem (Black);2017;1;2;7;8;13;15;3;0;3
193;93 - 857 - 19321;121;Dinosaur battery-powered slippers (Green) XL;2017;1;2;7;7;32;15;3;0;
194;93 - 857 - 19321;128;Plush shark slippers (Gray) L;2017;1;2;7;8;32;15;3;0;12
195;94 - 453 - 10210;23;DBA joke mug - it depends (Black);2017;1;2;7;10;13;15;2;0;3
196;94 - 453 - 10210;142;Halloween zombie mask (Light Brown) S;2017;1;2;7;12;18;15;2;0;18
197;95 - 457 - 14970;55;IT joke mug - that behavior is by design (Black);2017;1;2;7;5;13;15;5;0;3
198;95 - 457 - 14970;191;Black and orange fragile despatch tape 48mmx75m;2017;1;2;7;252;4;15;5;0;
199;95 - 457 - 14970;16;DBA joke mug - mind if I join you? (White);2017;1;2;7;1;13;15;5;0;35
200;95 - 457 - 14970;117;Superhero action jacket (Blue) 5XL;2017;1;2;7;7;34;15;5;0;4
201;95 - 457 - 14970;168;20 mm Anti static bubble wrap (Blue) 10m;2017;1;2;7;50;29;15;5;0;4
202;96 - 107 - 17468;24;DBA joke mug - I will get you in order (White);2017;1;2;7;1;13;15;5;0;35
203;96 - 107 - 17468;57;IT joke mug - hardware: part of the computer that can be kicked (Black);2017;1;2;7;6;13;15;5;0;3
204;96 - 107 - 17468;28;DBA joke mug - two types of DBAs (White);2017;1;2;7;8;13;15;5;0;35
205;96 - 107 - 17468;129;Plush shark slippers (Gray) XL;2017;1;2;7;1;32;15;5;0;12
206;96 - 107 - 17468;126;Plush shark slippers (Gray) S;2017;1;2;7;7;32;15;5;0;12
207;97 - 990 - 11643;18;DBA joke mug - daaaaaa-ta (White);2017;1;2;7;10;13;15;2;0;35
208;97 - 990 - 11643;55;IT joke mug - that behavior is by design (Black);2017;1;2;7;4;13;15;2;0;3
209;98 - 864 - 16411;115;Superhero action jacket (Blue) 3XL;2017;1;2;7;5;34;15;2;0;4
210;98 - 864 - 16411;48;Developer joke mug - this code was generated by a tool (White);2017;1;2;7;10;13;15;2;0;35
211;99 - 172 - 19525;38;Developer joke mug - inheritance is the OO way to become wealthy (White);2017;1;2;7;7;13;15;3;0;35
212;99 - 172 - 19525;42;Developer joke mug - understanding recursion requires understanding recursion (White);2017;1;2;7;4;13;15;3;0;35
213;99 - 172 - 19525;49;Developer joke mug - this code was generated by a tool (Black);2017;1;2;7;10;13;15;3;0;3
214;100 - 473 - 10996;48;Developer joke mug - this code was generated by a tool (White);2017;1;2;7;6;13;15;1;0;35
215;101 - 592 - 15832;136;Animal with big feet slippers (Brown) L;2017;1;2;7;9;32;15;2;0;
216;101 - 592 - 15832;213;Air cushion film 200mmx100mm 325m;2017;1;2;7;5;87;15;2;0;
217;102 - 92 - 12134;29;DBA joke mug - two types of DBAs (Black);2017;1;2;7;4;13;15;3;0;3
218;102 - 92 - 12134;206;Permanent marker black 5mm nib (Black) 5mm;2017;1;2;7;24;3;15;3;0;
219;102 - 92 - 12134;1;USB missile launcher (Green);2017;1;2;7;10;25;15;3;0;
220;103 - 979 - 14902;126;Plush shark slippers (Gray) S;2017;1;2;7;5;32;15;4;0;12
221;103 - 979 - 14902;112;Superhero action jacket (Blue) L;2017;1;2;7;3;30;15;4;0;4
222;103 - 979 - 14902;9;USB food flash drive - banana;2017;1;2;7;3;32;15;4;0;
223;103 - 979 - 14902;76;"""The Gu"" red shirt XML tag t-shirt (White) 3XS";2017;1;2;7;48;18;15;4;0;35
224;104 - 826 - 15212;133;Furry gorilla with big eyes slippers (Black) XL;2017;1;2;7;1;32;15;3;0;3
225;104 - 826 - 15212;84;"""The Gu"" red shirt XML tag t-shirt (White) 3XL";2017;1;2;7;108;18;15;3;0;35
226;104 - 826 - 15212;51;Developer joke mug - old C developers never die (Black);2017;1;2;7;1;13;15;3;0;3
227;105 - 943 - 19609;206;Permanent marker black 5mm nib (Black) 5mm;2017;1;2;7;72;3;15;3;0;
228;105 - 943 - 19609;9;USB food flash drive - banana;2017;1;2;7;8;32;15;3;0;
229;105 - 943 - 19609;15;USB food flash drive - dessert 10 drive variety pack;2017;1;2;9;4;240;15;3;0;
230;106 - 140 - 19809;193;Black and orange glass with care despatch tape 48mmx75m;2017;1;2;7;24;4;15;2;0;
231;106 - 140 - 19809;28;DBA joke mug - two types of DBAs (White);2017;1;2;7;7;13;15;2;0;35
232;107 - 68 - 13551;207;Permanent marker blue 5mm nib (Blue) 5mm;2017;1;2;7;48;3;15;4;0;
233;107 - 68 - 13551;206;Permanent marker black 5mm nib (Black) 5mm;2017;1;2;7;72;3;15;4;0;
234;107 - 68 - 13551;134;Animal with big feet slippers (Brown) S;2017;1;2;7;8;32;15;4;0;
235;107 - 68 - 13551;2;USB rocket launcher (Gray);2017;1;2;7;4;25;15;4;0;12
236;108 - 28 - 12805;137;Animal with big feet slippers (Brown) XL;2017;1;2;7;1;32;15;2;0;
237;108 - 28 - 12805;166;10 mm Anti static bubble wrap (Blue) 20m;2017;1;2;7;60;42;15;2;0;4
238;109 - 939 - 18797;30;Developer joke mug - Oct 31 = Dec 25 (White);2017;1;2;7;9;13;15;2;0;35
239;109 - 939 - 18797;38;Developer joke mug - inheritance is the OO way to become wealthy (White);2017;1;2;7;6;13;15;2;0;35
240;110 - 127 - 11553;55;IT joke mug - that behavior is by design (Black);2017;1;2;7;5;13;15;4;0;3
241;110 - 127 - 11553;70;Ride on toy sedan car (Green) 1/12 scale;2017;1;2;7;1;230;15;4;0;
242;110 - 127 - 11553;168;20 mm Anti static bubble wrap (Blue) 10m;2017;1;2;7;30;29;15;4;0;4
243;110 - 127 - 11553;103;Alien officer hoodie (Black) XXL;2017;1;2;7;2;35;15;4;0;3
244;111 - 844 - 11156;65;RC vintage American toy coupe with remote control (Black) 1/50 scale;2017;1;2;7;4;30;15;2;0;3
245;111 - 844 - 11156;38;Developer joke mug - inheritance is the OO way to become wealthy (White);2017;1;2;7;1;13;15;2;0;35
246;112 - 551 - 18583;65;RC vintage American toy coupe with remote control (Black) 1/50 scale;2017;1;2;7;3;30;15;1;0;3
247;113 - 122 - 19122;69;Ride on toy sedan car (Blue) 1/12 scale;2017;1;2;7;1;230;15;4;0;4
248;113 - 122 - 19122;88;"""The Gu"" red shirt XML tag t-shirt (White) 7XL";2017;1;2;7;12;18;15;4;0;35
249;113 - 122 - 19122;120;Dinosaur battery-powered slippers (Green) L;2017;1;2;7;2;32;15;4;0;
250;113 - 122 - 19122;16;DBA joke mug - mind if I join you? (White);2017;1;2;7;9;13;15;4;0;35
251;114 - 866 - 11615;208;Permanent marker red 5mm nib (Red) 5mm;2017;1;2;7;36;3;15;2;0;
252;114 - 866 - 11615;30;Developer joke mug - Oct 31 = Dec 25 (White);2017;1;2;7;9;13;15;2;0;35
253;115 - 812 - 12262;26;DBA joke mug - SELECT caffeine FROM mug (White);2017;1;2;7;2;13;15;4;0;35
254;115 - 812 - 12262;49;Developer joke mug - this code was generated by a tool (Black);2017;1;2;7;4;13;15;4;0;3
255;115 - 812 - 12262;50;Developer joke mug - old C developers never die (White);2017;1;2;7;8;13;15;4;0;35
256;115 - 812 - 12262;53;IT joke mug - keyboard not found É press F1 to continue (Black);2017;1;2;7;9;13;15;4;0;3
257;116 - 828 - 10310;167;10 mm Anti static bubble wrap (Blue) 50m;2017;1;2;7;70;99;15;3;0;4
258;116 - 828 - 10310;41;Developer joke mug - (hip, hip, array) (Black);2017;1;2;7;7;13;15;3;0;3
259;116 - 828 - 10310;95;"""The Gu"" red shirt XML tag t-shirt (Black) XL";2017;1;2;7;108;18;15;3;0;3
260;117 - 34 - 19254;12;USB food flash drive - donut;2017;1;2;7;5;32;15;3;0;
261;117 - 34 - 19254;214;Air cushion film 200mmx200mm 325m;2017;1;2;7;4;90;15;3;0;
262;117 - 34 - 19254;80;"""The Gu"" red shirt XML tag t-shirt (White) M";2017;1;2;7;84;18;15;3;0;35
263;118 - 841 - 13954;58;RC toy sedan car with remote control (Black) 1/50 scale;2017;1;2;7;4;25;15;2;0;3
264;118 - 841 - 13954;45;Developer joke mug - there are 10 types of people in the world (Black);2017;1;2;7;7;13;15;2;0;3
265;119 - 841 - 13960;111;Superhero action jacket (Blue) M;2017;1;2;7;10;30;15;4;0;4
266;119 - 841 - 13960;22;DBA joke mug - it depends (White);2017;1;2;7;6;13;15;4;0;35
267;119 - 841 - 13960;2;USB rocket launcher (Gray);2017;1;2;7;9;25;15;4;0;12
268;119 - 841 - 13960;116;Superhero action jacket (Blue) 4XL;2017;1;2;7;4;34;15;4;0;4
269;120 - 92 - 14630;41;Developer joke mug - (hip, hip, array) (Black);2017;1;2;7;5;13;15;2;0;3
270;120 - 92 - 14630;154;Medium sized bubblewrap roll 20m;2017;1;2;7;20;20;15;2;0;
271;121 - 44 - 18585;43;Developer joke mug - understanding recursion requires understanding recursion (Black);2017;1;2;7;6;13;15;3;0;3
272;121 - 44 - 18585;133;Furry gorilla with big eyes slippers (Black) XL;2017;1;2;7;10;32;15;3;0;3
273;121 - 44 - 18585;15;USB food flash drive - dessert 10 drive variety pack;2017;1;2;9;5;240;15;3;0;
274;122 - 408 - 18834;12;USB food flash drive - donut;2017;1;2;7;1;32;15;4;0;
275;122 - 408 - 18834;107;Superhero action jacket (Blue) 3XS;2017;1;2;7;7;25;15;4;0;4
276;122 - 408 - 18834;151;Pack of 12 action figures (male);2017;1;2;9;3;16;15;4;0;
277;122 - 408 - 18834;32;Developer joke mug - that's a hardware problem (White);2017;1;2;7;7;13;15;4;0;35
278;123 - 913 - 18451;51;Developer joke mug - old C developers never die (Black);2017;1;2;7;9;13;15;4;0;3
279;123 - 913 - 18451;52;IT joke mug - keyboard not found É press F1 to continue (White);2017;1;2;7;10;13;15;4;0;35
280;123 - 913 - 18451;81;"""The Gu"" red shirt XML tag t-shirt (White) L";2017;1;2;7;84;18;15;4;0;35
281;123 - 913 - 18451;136;Animal with big feet slippers (Brown) L;2017;1;2;7;8;32;15;4;0;
282;124 - 181 - 19842;107;Superhero action jacket (Blue) 3XS;2017;1;2;7;4;25;15;4;0;4
283;124 - 181 - 19842;141;Furry animal socks (Pink) XL;2017;1;2;10;84;5;15;4;0;
284;124 - 181 - 19842;53;IT joke mug - keyboard not found É press F1 to continue (Black);2017;1;2;7;7;13;15;4;0;3
285;124 - 181 - 19842;152;Pack of 12 action figures (female);2017;1;2;9;4;16;15;4;0;
286;125 - 443 - 18893;5;USB food flash drive - hamburger;2017;1;2;7;10;32;15;4;0;
287;125 - 443 - 18893;149;Halloween skull mask (Gray) XL;2017;1;2;7;120;18;15;4;0;12
288;125 - 443 - 18893;206;Permanent marker black 5mm nib (Black) 5mm;2017;1;2;7;96;3;15;4;0;
289;125 - 443 - 18893;152;Pack of 12 action figures (female);2017;1;2;9;7;16;15;4;0;
290;126 - 889 - 13004;158;10 mm Double sided bubble wrap 50m;2017;1;2;7;90;105;15;5;0;
291;126 - 889 - 13004;191;Black and orange fragile despatch tape 48mmx75m;2017;1;2;7;108;4;15;5;0;
292;126 - 889 - 13004;43;Developer joke mug - understanding recursion requires understanding recursion (Black);2017;1;2;7;10;13;15;5;0;3
293;126 - 889 - 13004;137;Animal with big feet slippers (Brown) XL;2017;1;2;7;7;32;15;5;0;
294;126 - 889 - 13004;59;RC toy sedan car with remote control (Red) 1/50 scale;2017;1;2;7;5;25;15;5;0;28
295;127 - 49 - 19890;103;Alien officer hoodie (Black) XXL;2017;1;2;7;6;35;15;2;0;3
296;127 - 49 - 19890;61;RC toy sedan car with remote control (Green) 1/50 scale;2017;1;2;7;1;25;15;2;0;
297;128 - 569 - 11610;212;Large  replacement blades 18mm;2017;1;3;7;80;4;15;2;0;
298;128 - 569 - 11610;97;"""The Gu"" red shirt XML tag t-shirt (Black) 3XL";2017;1;3;7;72;18;15;2;0;3
299;129 - 122 - 16474;196;Black and orange handle with care despatch tape  48mmx100m;2017;1;3;7;216;4;15;3;0;
300;129 - 122 - 16474;87;"""The Gu"" red shirt XML tag t-shirt (White) 6XL";2017;1;3;7;60;18;15;3;0;35
301;129 - 122 - 16474;118;Dinosaur battery-powered slippers (Green) S;2017;1;3;7;10;32;15;3;0;
302;130 - 86 - 13630;29;DBA joke mug - two types of DBAs (Black);2017;1;3;7;9;13;15;2;0;3
303;130 - 86 - 13630;3;Office cube periscope (Black);2017;1;3;7;80;19;15;2;0;3
304;131 - 543 - 17591;105;Alien officer hoodie (Black) 4XL;2017;1;3;7;10;35;15;2;0;3
305;131 - 543 - 17591;205;Tape dispenser (Blue);2017;1;3;7;60;32;15;2;0;
306;132 - 456 - 14618;186;Shipping carton (Brown) 457x457x457mm;2017;1;3;7;250;2;15;1;0;
307;133 - 128 - 14853;199;Black and yellow heavy despatch tape  48mmx75m;2017;1;3;7;48;4;15;1;0;
308;134 - 586 - 14474;189;Clear packaging tape 48mmx75m;2017;1;3;7;234;3;15;1;0;
309;135 - 857 - 19321;160;20 mm Double sided bubble wrap 20m;2017;1;3;7;40;33;15;2;0;
310;135 - 857 - 19321;97;"""The Gu"" red shirt XML tag t-shirt (Black) 3XL";2017;1;3;7;120;18;15;2;0;3
311;136 - 453 - 10210;90;"""The Gu"" red shirt XML tag t-shirt (Black) XXS";2017;1;3;7;72;18;15;2;0;3
312;136 - 453 - 10210;205;Tape dispenser (Blue);2017;1;3;7;60;32;15;2;0;
313;137 - 990 - 11643;82;"""The Gu"" red shirt XML tag t-shirt (White) XL";2017;1;3;7;36;18;15;3;0;35
314;137 - 990 - 11643;93;"""The Gu"" red shirt XML tag t-shirt (Black) M";2017;1;3;7;48;18;15;3;0;3
315;137 - 990 - 11643;178;Shipping carton (Brown) 500x310x310mm;2017;1;3;7;100;3;15;3;0;
316;138 - 864 - 16411;97;"""The Gu"" red shirt XML tag t-shirt (Black) 3XL";2017;1;3;7;96;18;15;2;0;3
317;138 - 864 - 16411;96;"""The Gu"" red shirt XML tag t-shirt (Black) XXL";2017;1;3;7;108;18;15;2;0;3
318;139 - 473 - 10996;130;Furry gorilla with big eyes slippers (Black) S;2017;1;3;7;4;32;15;2;0;3
319;139 - 473 - 10996;154;Medium sized bubblewrap roll 20m;2017;1;3;7;50;20;15;2;0;
320;140 - 92 - 12134;79;"""The Gu"" red shirt XML tag t-shirt (White) S";2017;1;3;7;36;18;15;1;0;35
321;141 - 979 - 14902;91;"""The Gu"" red shirt XML tag t-shirt (Black) XS";2017;1;3;7;60;18;15;1;0;3
322;142 - 826 - 15212;77;"""The Gu"" red shirt XML tag t-shirt (White) XXS";2017;1;3;7;120;18;15;1;0;35
323;143 - 140 - 19809;216;Void fill 100 L bag (White) 100L;2017;1;3;7;40;13;15;1;0;
324;144 - 68 - 13551;93;"""The Gu"" red shirt XML tag t-shirt (Black) M";2017;1;3;7;120;18;15;1;0;3
325;145 - 939 - 18797;46;Developer joke mug - a foo walks into a bar (White);2017;1;3;7;10;13;15;1;0;35
326;146 - 844 - 11156;160;20 mm Double sided bubble wrap 20m;2017;1;3;7;90;33;15;2;0;
327;146 - 844 - 11156;196;Black and orange handle with care despatch tape  48mmx100m;2017;1;3;7;168;4;15;2;0;
328;147 - 551 - 18583;96;"""The Gu"" red shirt XML tag t-shirt (Black) XXL";2017;1;3;7;120;18;15;1;0;3
329;148 - 812 - 12262;203;Tape dispenser (Black);2017;1;3;7;40;32;15;1;0;
330;149 - 34 - 19254;188;3 kg Courier post bag (White) 300x190x95mm;2017;1;3;7;175;1;15;1;0;
331;150 - 92 - 14630;211;Small 9mm replacement blades 9mm;2017;1;3;7;40;4;15;1;0;
332;151 - 44 - 18585;200;Black and yellow heavy despatch tape 48mmx100m;2017;1;3;7;96;4;15;1;0;
333;152 - 913 - 18451;211;Small 9mm replacement blades 9mm;2017;1;3;7;100;4;15;1;0;
334;153 - 49 - 19890;212;Large  replacement blades 18mm;2017;1;3;7;60;4;15;1;0;
335;154 - 84 - 12941;16;DBA joke mug - mind if I join you? (White);2017;1;3;7;6;13;15;5;0;35
336;154 - 84 - 12941;137;Animal with big feet slippers (Brown) XL;2017;1;3;7;10;32;15;5;0;
337;154 - 84 - 12941;90;"""The Gu"" red shirt XML tag t-shirt (Black) XXS";2017;1;3;7;24;18;15;5;0;3
338;154 - 84 - 12941;60;RC toy sedan car with remote control (Blue) 1/50 scale;2017;1;3;7;7;25;15;5;0;4
339;154 - 84 - 12941;57;IT joke mug - hardware: part of the computer that can be kicked (Black);2017;1;3;7;3;13;15;5;0;3
340;155 - 427 - 13508;12;USB food flash drive - donut;2017;1;3;7;2;32;15;2;0;
341;155 - 427 - 13508;210;Packing knife with metal insert blade (Yellow) 18mm;2017;1;3;7;45;2;15;2;0;
342;156 - 911 - 15403;175;Bubblewrap dispenser (Blue) 1.5m;2017;1;3;7;2;240;15;1;0;4
343;157 - 484 - 19391;1;USB missile launcher (Green);2017;1;3;7;7;25;15;2;0;
344;157 - 484 - 19391;21;DBA joke mug - you might be a DBA if (Black);2017;1;3;7;7;13;15;2;0;3
345;158 - 914 - 17938;186;Shipping carton (Brown) 457x457x457mm;2017;1;3;7;50;2;15;3;0;
346;158 - 914 - 17938;41;Developer joke mug - (hip, hip, array) (Black);2017;1;3;7;7;13;15;3;0;3
347;158 - 914 - 17938;132;Furry gorilla with big eyes slippers (Black) L;2017;1;3;7;7;32;15;3;0;3
348;159 - 569 - 19140;56;IT joke mug - hardware: part of the computer that can be kicked (White);2017;1;3;7;4;13;15;5;0;35
349;159 - 569 - 19140;120;Dinosaur battery-powered slippers (Green) L;2017;1;3;7;8;32;15;5;0;
350;159 - 569 - 19140;96;"""The Gu"" red shirt XML tag t-shirt (Black) XXL";2017;1;3;7;24;18;15;5;0;3
351;159 - 569 - 19140;13;USB food flash drive - shrimp cocktail;2017;1;3;7;4;32;15;5;0;
352;159 - 569 - 19140;133;Furry gorilla with big eyes slippers (Black) XL;2017;1;3;7;5;32;15;5;0;3
353;160 - 547 - 16362;119;Dinosaur battery-powered slippers (Green) M;2017;1;3;7;2;32;15;1;0;
354;161 - 430 - 18795;47;Developer joke mug - a foo walks into a bar (Black);2017;1;3;7;8;13;15;3;0;3
355;161 - 430 - 18795;212;Large  replacement blades 18mm;2017;1;3;7;30;4;15;3;0;
356;161 - 430 - 18795;154;Medium sized bubblewrap roll 20m;2017;1;3;7;60;20;15;3;0;
357;162 - 563 - 16388;173;32 mm Anti static bubble wrap (Blue) 50m;2017;1;3;7;10;105;15;1;0;4
358;163 - 893 - 18492;37;Developer joke mug - when your hammer is C++ (Black);2017;1;3;7;8;13;15;2;0;3
359;163 - 893 - 18492;129;Plush shark slippers (Gray) XL;2017;1;3;7;3;32;15;2;0;12
360;164 - 407 - 15272;6;USB food flash drive - hot dog;2017;1;3;7;10;32;15;4;0;
361;164 - 407 - 15272;168;20 mm Anti static bubble wrap (Blue) 10m;2017;1;3;7;60;29;15;4;0;4
362;164 - 407 - 15272;49;Developer joke mug - this code was generated by a tool (Black);2017;1;3;7;10;13;15;4;0;3
363;164 - 407 - 15272;110;Superhero action jacket (Blue) S;2017;1;3;7;2;25;15;4;0;4
364;165 - 160 - 14938;2;USB rocket launcher (Gray);2017;1;3;7;6;25;15;2;0;12
365;165 - 160 - 14938;60;RC toy sedan car with remote control (Blue) 1/50 scale;2017;1;3;7;8;25;15;2;0;4
366;166 - 823 - 13868;25;DBA joke mug - I will get you in order (Black);2017;1;3;7;10;13;15;4;0;3
367;166 - 823 - 13868;156;10 mm Double sided bubble wrap 10m;2017;1;3;7;40;15;15;4;0;
368;166 - 823 - 13868;182;Shipping carton (Brown) 457x279x279mm;2017;1;3;7;250;1;15;4;0;
369;166 - 823 - 13868;28;DBA joke mug - two types of DBAs (White);2017;1;3;7;5;13;15;4;0;35
370;167 - 585 - 18901;30;Developer joke mug - Oct 31 = Dec 25 (White);2017;1;3;7;5;13;15;5;0;35
371;167 - 585 - 18901;40;Developer joke mug - (hip, hip, array) (White);2017;1;3;7;5;13;15;5;0;35
372;167 - 585 - 18901;73;Ride on vintage American toy coupe (Red) 1/12 scale;2017;1;3;7;2;285;15;5;0;28
373;167 - 585 - 18901;97;"""The Gu"" red shirt XML tag t-shirt (Black) 3XL";2017;1;3;7;24;18;15;5;0;3
374;167 - 585 - 18901;33;Developer joke mug - that's a hardware problem (Black);2017;1;3;7;1;13;15;5;0;3
375;168 - 845 - 15236;8;USB food flash drive - dim sum 10 drive variety pack;2017;1;3;9;9;240;15;4;0;
376;168 - 845 - 15236;80;"""The Gu"" red shirt XML tag t-shirt (White) M";2017;1;3;7;12;18;15;4;0;35
377;168 - 845 - 15236;189;Clear packaging tape 48mmx75m;2017;1;3;7;52;3;15;4;0;
378;168 - 845 - 15236;74;Ride on vintage American toy coupe (Black) 1/12 scale;2017;1;3;7;6;285;15;4;0;3
379;169 - 898 - 19782;53;IT joke mug - keyboard not found É press F1 to continue (Black);2017;1;3;7;6;13;15;2;0;3
380;169 - 898 - 19782;209;Packing knife with metal insert blade (Yellow) 9mm;2017;1;3;7;30;2;15;2;0;
381;170 - 36 - 11134;16;DBA joke mug - mind if I join you? (White);2017;1;3;7;9;13;15;5;0;35
382;170 - 36 - 11134;176;Bubblewrap dispenser (Red) 1.5m;2017;1;3;7;1;240;15;5;0;28
383;170 - 36 - 11134;115;Superhero action jacket (Blue) 3XL;2017;1;3;7;7;34;15;5;0;4
384;170 - 36 - 11134;119;Dinosaur battery-powered slippers (Green) M;2017;1;3;7;9;32;15;5;0;
385;170 - 36 - 11134;173;32 mm Anti static bubble wrap (Blue) 50m;2017;1;3;7;10;105;15;5;0;4
386;171 - 524 - 10182;32;Developer joke mug - that's a hardware problem (White);2017;1;3;7;1;13;15;4;0;35
387;171 - 524 - 10182;148;Halloween skull mask (Gray) L;2017;1;3;7;48;18;15;4;0;12
388;171 - 524 - 10182;209;Packing knife with metal insert blade (Yellow) 9mm;2017;1;3;7;20;2;15;4;0;
389;171 - 524 - 10182;129;Plush shark slippers (Gray) XL;2017;1;3;7;9;32;15;4;0;12
390;172 - 494 - 18651;76;"""The Gu"" red shirt XML tag t-shirt (White) 3XS";2017;1;3;7;108;18;15;4;0;35
391;172 - 494 - 18651;25;DBA joke mug - I will get you in order (Black);2017;1;3;7;1;13;15;4;0;3
392;172 - 494 - 18651;35;Developer joke mug - fun was unexpected at this time (Black);2017;1;3;7;3;13;15;4;0;3
393;172 - 494 - 18651;66;RC big wheel monster truck with remote control (Black) 1/50 scale;2017;1;3;7;8;45;15;4;0;3
394;173 - 921 - 14169;34;Developer joke mug - fun was unexpected at this time (White);2017;1;3;7;1;13;15;2;0;35
395;173 - 921 - 14169;44;Developer joke mug - there are 10 types of people in the world (White);2017;1;3;7;6;13;15;2;0;35
396;174 - 820 - 18514;9;USB food flash drive - banana;2017;1;3;7;5;32;15;2;0;
397;174 - 820 - 18514;189;Clear packaging tape 48mmx75m;2017;1;3;7;130;3;15;2;0;
398;175 - 199 - 18108;182;Shipping carton (Brown) 457x279x279mm;2017;1;3;7;250;1;15;5;0;
399;175 - 199 - 18108;90;"""The Gu"" red shirt XML tag t-shirt (Black) XXS";2017;1;3;7;36;18;15;5;0;3
400;175 - 199 - 18108;16;DBA joke mug - mind if I join you? (White);2017;1;3;7;6;13;15;5;0;35
401;175 - 199 - 18108;115;Superhero action jacket (Blue) 3XL;2017;1;3;7;8;34;15;5;0;4
402;175 - 199 - 18108;178;Shipping carton (Brown) 500x310x310mm;2017;1;3;7;100;3;15;5;0;
403;176 - 511 - 17328;68;Ride on toy sedan car (Red) 1/12 scale;2017;1;3;7;8;230;15;4;0;28
404;176 - 511 - 17328;115;Superhero action jacket (Blue) 3XL;2017;1;3;7;5;34;15;4;0;4
405;176 - 511 - 17328;4;USB food flash drive - sushi roll;2017;1;3;7;6;32;15;4;0;
406;176 - 511 - 17328;188;3 kg Courier post bag (White) 300x190x95mm;2017;1;3;7;25;1;15;4;0;
407;177 - 61 - 13949;13;USB food flash drive - shrimp cocktail;2017;1;3;7;9;32;15;3;0;
408;177 - 61 - 13949;91;"""The Gu"" red shirt XML tag t-shirt (Black) XS";2017;1;3;7;12;18;15;3;0;3
409;177 - 61 - 13949;25;DBA joke mug - I will get you in order (Black);2017;1;3;7;8;13;15;3;0;3
410;178 - 919 - 12727;43;Developer joke mug - understanding recursion requires understanding recursion (Black);2017;1;3;7;5;13;15;5;0;3
411;178 - 919 - 12727;137;Animal with big feet slippers (Brown) XL;2017;1;3;7;6;32;15;5;0;
412;178 - 919 - 12727;117;Superhero action jacket (Blue) 5XL;2017;1;3;7;9;34;15;5;0;4
413;178 - 919 - 12727;196;Black and orange handle with care despatch tape  48mmx100m;2017;1;3;7;120;4;15;5;0;
414;178 - 919 - 12727;32;Developer joke mug - that's a hardware problem (White);2017;1;3;7;6;13;15;5;0;35
415;179 - 56 - 17486;172;32 mm Anti static bubble wrap (Blue) 20m;2017;1;3;7;90;48;15;2;0;4
416;179 - 56 - 17486;108;Superhero action jacket (Blue) XXS;2017;1;3;7;5;25;15;2;0;4
417;180 - 968 - 13783;1;USB missile launcher (Green);2017;1;3;7;6;25;15;4;0;
418;180 - 968 - 13783;216;Void fill 100 L bag (White) 100L;2017;1;3;7;30;13;15;4;0;
419;180 - 968 - 13783;65;RC vintage American toy coupe with remote control (Black) 1/50 scale;2017;1;3;7;2;30;15;4;0;3
420;180 - 968 - 13783;136;Animal with big feet slippers (Brown) L;2017;1;3;7;4;32;15;4;0;
421;181 - 447 - 15165;126;Plush shark slippers (Gray) S;2017;1;3;7;8;32;15;4;0;12
422;181 - 447 - 15165;130;Furry gorilla with big eyes slippers (Black) S;2017;1;3;7;1;32;15;4;0;3
423;181 - 447 - 15165;99;"""The Gu"" red shirt XML tag t-shirt (Black) 5XL";2017;1;3;7;48;18;15;4;0;3
424;181 - 447 - 15165;97;"""The Gu"" red shirt XML tag t-shirt (Black) 3XL";2017;1;3;7;108;18;15;4;0;3
425;182 - 875 - 17627;130;Furry gorilla with big eyes slippers (Black) S;2017;1;3;7;9;32;15;4;0;3
426;182 - 875 - 17627;71;Ride on toy sedan car (Yellow) 1/12 scale;2017;1;3;7;5;230;15;4;0;36
427;182 - 875 - 17627;74;Ride on vintage American toy coupe (Black) 1/12 scale;2017;1;3;7;1;285;15;4;0;3
428;182 - 875 - 17627;114;Superhero action jacket (Blue) XXL;2017;1;3;7;2;30;15;4;0;4
429;183 - 153 - 13215;170;20 mm Anti static bubble wrap (Blue) 50m;2017;1;3;7;80;102;15;2;0;4
430;183 - 153 - 13215;117;Superhero action jacket (Blue) 5XL;2017;1;3;7;5;34;15;2;0;4
431;184 - 489 - 18992;30;Developer joke mug - Oct 31 = Dec 25 (White);2017;1;3;7;2;13;15;3;0;35
432;184 - 489 - 18992;179;Shipping carton (Brown) 229x229x229mm;2017;1;3;7;25;1;15;3;0;
433;184 - 489 - 18992;111;Superhero action jacket (Blue) M;2017;1;3;7;2;30;15;3;0;4
434;185 - 450 - 10815;43;Developer joke mug - understanding recursion requires understanding recursion (Black);2017;1;3;7;6;13;15;2;0;3
435;185 - 450 - 10815;189;Clear packaging tape 48mmx75m;2017;1;3;7;260;3;15;2;0;
436;186 - 833 - 17466;96;"""The Gu"" red shirt XML tag t-shirt (Black) XXL";2017;1;3;7;24;18;15;2;0;3
437;186 - 833 - 17466;70;Ride on toy sedan car (Green) 1/12 scale;2017;1;3;7;7;230;15;2;0;
438;187 - 972 - 12153;44;Developer joke mug - there are 10 types of people in the world (White);2017;1;3;7;3;13;15;3;0;35
439;187 - 972 - 12153;110;Superhero action jacket (Blue) S;2017;1;3;7;1;25;15;3;0;4
440;187 - 972 - 12153;207;Permanent marker blue 5mm nib (Blue) 5mm;2017;1;3;7;24;3;15;3;0;
441;188 - 131 - 16275;105;Alien officer hoodie (Black) 4XL;2017;1;3;7;5;35;15;1;0;3
442;189 - 989 - 10695;197;Black and orange this way up despatch tape 48mmx75m;2017;1;3;7;240;4;15;5;0;
443;189 - 989 - 10695;154;Medium sized bubblewrap roll 20m;2017;1;3;7;80;20;15;5;0;
444;189 - 989 - 10695;127;Plush shark slippers (Gray) M;2017;1;3;7;3;32;15;5;0;12
445;189 - 989 - 10695;142;Halloween zombie mask (Light Brown) S;2017;1;3;7;48;18;15;5;0;18
446;189 - 989 - 10695;213;Air cushion film 200mmx100mm 325m;2017;1;3;7;3;87;15;5;0;
447;190 - 421 - 14744;165;10 mm Anti static bubble wrap (Blue) 10m;2017;1;3;7;50;26;15;2;0;4
448;190 - 421 - 14744;211;Small 9mm replacement blades 9mm;2017;1;3;7;40;4;15;2;0;
449;191 - 896 - 12253;73;Ride on vintage American toy coupe (Red) 1/12 scale;2017;1;3;7;7;285;15;3;0;28
450;191 - 896 - 12253;88;"""The Gu"" red shirt XML tag t-shirt (White) 7XL";2017;1;3;7;48;18;15;3;0;35
451;191 - 896 - 12253;147;Halloween skull mask (Gray) M;2017;1;3;7;108;18;15;3;0;12
452;192 - 878 - 13328;45;Developer joke mug - there are 10 types of people in the world (Black);2017;1;3;7;5;13;15;4;0;3
453;192 - 878 - 13328;130;Furry gorilla with big eyes slippers (Black) S;2017;1;3;7;9;32;15;4;0;3
454;192 - 878 - 13328;24;DBA joke mug - I will get you in order (White);2017;1;3;7;1;13;15;4;0;35
455;192 - 878 - 13328;30;Developer joke mug - Oct 31 = Dec 25 (White);2017;1;3;7;4;13;15;4;0;35
456;193 - 125 - 18450;5;USB food flash drive - hamburger;2017;1;3;7;6;32;15;4;0;
457;193 - 125 - 18450;103;Alien officer hoodie (Black) XXL;2017;1;3;7;1;35;15;4;0;3
458;193 - 125 - 18450;91;"""The Gu"" red shirt XML tag t-shirt (Black) XS";2017;1;3;7;108;18;15;4;0;3
459;193 - 125 - 18450;48;Developer joke mug - this code was generated by a tool (White);2017;1;3;7;6;13;15;4;0;35
460;194 - 82 - 12232;179;Shipping carton (Brown) 229x229x229mm;2017;1;3;7;25;1;15;2;0;
461;194 - 82 - 12232;46;Developer joke mug - a foo walks into a bar (White);2017;1;3;7;1;13;15;2;0;35
462;195 - 554 - 19473;153;Small sized bubblewrap roll 10m;2017;1;3;7;20;5;15;4;0;
463;195 - 554 - 19473;132;Furry gorilla with big eyes slippers (Black) L;2017;1;3;7;2;32;15;4;0;3
464;195 - 554 - 19473;75;Ride on big wheel monster truck (Black) 1/12 scale;2017;1;3;7;1;345;15;4;0;3
465;195 - 554 - 19473;3;Office cube periscope (Black);2017;1;3;7;30;19;15;4;0;3
466;196 - 27 - 14441;59;RC toy sedan car with remote control (Red) 1/50 scale;2017;1;3;7;4;25;15;2;0;28
467;196 - 27 - 14441;50;Developer joke mug - old C developers never die (White);2017;1;3;7;6;13;15;2;0;35
468;197 - 14 - 19357;164;32 mm Double sided bubble wrap 50m;2017;1;3;7;70;112;15;3;0;
469;197 - 14 - 19357;154;Medium sized bubblewrap roll 20m;2017;1;3;7;20;20;15;3;0;
470;197 - 14 - 19357;122;Ogre battery-powered slippers (Green) S;2017;1;3;7;1;32;15;3;0;
471;198 - 464 - 19208;78;"""The Gu"" red shirt XML tag t-shirt (White) XS";2017;1;3;7;84;18;15;3;0;35
472;198 - 464 - 19208;185;Shipping carton (Brown) 356x356x279mm;2017;1;3;7;75;2;15;3;0;
473;198 - 464 - 19208;67;Ride on toy sedan car (Black) 1/12 scale;2017;1;3;7;5;230;15;3;0;3
474;199 - 30 - 14194;50;Developer joke mug - old C developers never die (White);2017;1;3;7;4;13;15;2;0;35
475;199 - 30 - 14194;123;Ogre battery-powered slippers (Green) M;2017;1;3;7;7;32;15;2;0;
476;200 - 456 - 14468;50;Developer joke mug - old C developers never die (White);2017;1;3;7;10;13;15;3;0;35
477;200 - 456 - 14468;117;Superhero action jacket (Blue) 5XL;2017;1;3;7;4;34;15;3;0;4
478;200 - 456 - 14468;198;Black and orange this way up despatch tape  48mmx100m;2017;1;3;7;120;4;15;3;0;
479;201 - 983 - 16930;213;Air cushion film 200mmx100mm 325m;2017;1;3;7;9;87;15;3;0;
480;201 - 983 - 16930;132;Furry gorilla with big eyes slippers (Black) L;2017;1;3;7;5;32;15;3;0;3
481;201 - 983 - 16930;53;IT joke mug - keyboard not found É press F1 to continue (Black);2017;1;3;7;9;13;15;3;0;3
482;202 - 521 - 14270;62;RC toy sedan car with remote control (Yellow) 1/50 scale;2017;1;3;7;1;25;15;5;0;36
483;202 - 521 - 14270;138;Furry animal socks (Pink) S;2017;1;3;10;84;5;15;5;0;
484;202 - 521 - 14270;94;"""The Gu"" red shirt XML tag t-shirt (Black) L";2017;1;3;7;120;18;15;5;0;3
485;202 - 521 - 14270;66;RC big wheel monster truck with remote control (Black) 1/50 scale;2017;1;3;7;6;45;15;5;0;3
486;202 - 521 - 14270;196;Black and orange handle with care despatch tape  48mmx100m;2017;1;3;7;96;4;15;5;0;
487;203 - 930 - 13096;167;10 mm Anti static bubble wrap (Blue) 50m;2017;1;3;7;80;99;15;2;0;4
488;203 - 930 - 13096;105;Alien officer hoodie (Black) 4XL;2017;1;3;7;10;35;15;2;0;3
489;204 - 442 - 19458;5;USB food flash drive - hamburger;2017;1;3;7;2;32;15;1;0;
490;205 - 523 - 13731;182;Shipping carton (Brown) 457x279x279mm;2017;1;3;7;150;1;15;5;0;
491;205 - 523 - 13731;53;IT joke mug - keyboard not found É press F1 to continue (Black);2017;1;3;7;9;13;15;5;0;3
492;205 - 523 - 13731;195;Black and orange handle with care despatch tape  48mmx75m;2017;1;3;7;120;4;15;5;0;
493;205 - 523 - 13731;20;DBA joke mug - you might be a DBA if (White);2017;1;3;7;1;13;15;5;0;35
494;205 - 523 - 13731;123;Ogre battery-powered slippers (Green) M;2017;1;3;7;10;32;15;5;0;
495;206 - 484 - 14609;71;Ride on toy sedan car (Yellow) 1/12 scale;2017;1;3;7;7;230;15;3;0;36
496;206 - 484 - 14609;116;Superhero action jacket (Blue) 4XL;2017;1;3;7;9;34;15;3;0;4
497;206 - 484 - 14609;8;USB food flash drive - dim sum 10 drive variety pack;2017;1;3;9;1;240;15;3;0;
498;207 - 488 - 17253;33;Developer joke mug - that's a hardware problem (Black);2017;1;3;7;10;13;15;2;0;3
499;207 - 488 - 17253;118;Dinosaur battery-powered slippers (Green) S;2017;1;3;7;10;32;15;2;0;
500;208 - 555 - 13190;132;Furry gorilla with big eyes slippers (Black) L;2017;1;3;7;5;32;15;4;0;3
501;208 - 555 - 13190;191;Black and orange fragile despatch tape 48mmx75m;2017;1;3;7;180;4;15;4;0;
502;208 - 555 - 13190;120;Dinosaur battery-powered slippers (Green) L;2017;1;3;7;1;32;15;4;0;
503;208 - 555 - 13190;203;Tape dispenser (Black);2017;1;3;7;30;32;15;4;0;
504;209 - 886 - 16905;109;Superhero action jacket (Blue) XS;2017;1;3;7;2;25;15;5;0;4
505;209 - 886 - 16905;90;"""The Gu"" red shirt XML tag t-shirt (Black) XXS";2017;1;3;7;36;18;15;5;0;3
506;209 - 886 - 16905;20;DBA joke mug - you might be a DBA if (White);2017;1;3;7;1;13;15;5;0;35
507;209 - 886 - 16905;170;20 mm Anti static bubble wrap (Blue) 50m;2017;1;3;7;20;102;15;5;0;4
508;209 - 886 - 16905;206;Permanent marker black 5mm nib (Black) 5mm;2017;1;3;7;60;3;15;5;0;
509;210 - 947 - 17206;96;"""The Gu"" red shirt XML tag t-shirt (Black) XXL";2017;1;3;7;108;18;15;3;0;3
510;210 - 947 - 17206;61;RC toy sedan car with remote control (Green) 1/50 scale;2017;1;3;7;4;25;15;3;0;
511;210 - 947 - 17206;89;"""The Gu"" red shirt XML tag t-shirt (Black) 3XS";2017;1;3;7;12;18;15;3;0;3
512;211 - 911 - 15403;101;"""The Gu"" red shirt XML tag t-shirt (Black) 7XL";2017;1;4;7;60;18;15;1;0;3
513;212 - 914 - 17938;10;USB food flash drive - chocolate bar;2017;1;4;7;8;32;15;1;0;
514;213 - 547 - 16362;177;Shipping carton (Brown) 413x285x187mm;2017;1;4;7;75;1;15;1;0;
515;214 - 563 - 16388;187;Express post box 5kg (White) 350x280x130mm;2017;1;4;7;200;1;15;1;0;
516;215 - 893 - 18492;155;Large sized bubblewrap roll 50m;2017;1;4;7;80;24;15;1;0;
517;216 - 407 - 15272;155;Large sized bubblewrap roll 50m;2017;1;4;7;90;24;15;1;0;
518;217 - 160 - 14938;159;20 mm Double sided bubble wrap 10m;2017;1;4;7;40;18;15;2;0;
519;217 - 160 - 14938;155;Large sized bubblewrap roll 50m;2017;1;4;7;50;24;15;2;0;
520;218 - 845 - 15236;173;32 mm Anti static bubble wrap (Blue) 50m;2017;1;4;7;50;105;15;1;0;4
521;219 - 898 - 19782;175;Bubblewrap dispenser (Blue) 1.5m;2017;1;4;7;7;240;15;1;0;4
522;220 - 524 - 10182;176;Bubblewrap dispenser (Red) 1.5m;2017;1;4;7;10;240;15;1;0;28
523;221 - 511 - 17328;139;Furry animal socks (Pink) M;2017;1;4;10;24;5;15;1;0;
524;222 - 61 - 13949;187;Express post box 5kg (White) 350x280x130mm;2017;1;4;7;200;1;15;1;0;
525;223 - 447 - 15165;153;Small sized bubblewrap roll 10m;2017;1;4;7;90;5;15;1;0;
526;224 - 875 - 17627;190;Clear packaging tape 48mmx100m;2017;1;4;7;60;4;15;1;0;
527;225 - 153 - 13215;120;Dinosaur battery-powered slippers (Green) L;2017;1;4;7;7;32;15;2;0;
528;225 - 153 - 13215;203;Tape dispenser (Black);2017;1;4;7;90;32;15;2;0;
529;226 - 972 - 12153;189;Clear packaging tape 48mmx75m;2017;1;4;7;130;3;15;1;0;
530;227 - 131 - 16275;185;Shipping carton (Brown) 356x356x279mm;2017;1;4;7;100;2;15;2;0;
531;227 - 131 - 16275;169;20 mm Anti static bubble wrap (Blue) 20m;2017;1;4;7;40;45;15;2;0;4
532;228 - 421 - 14744;187;Express post box 5kg (White) 350x280x130mm;2017;1;4;7;150;1;15;1;0;
533;229 - 896 - 12253;176;Bubblewrap dispenser (Red) 1.5m;2017;1;4;7;5;240;15;1;0;28
534;230 - 30 - 14194;4;USB food flash drive - sushi roll;2017;1;4;7;2;32;15;1;0;
535;231 - 456 - 14468;143;Halloween zombie mask (Light Brown) M;2017;1;4;7;96;18;15;1;0;18
536;232 - 930 - 13096;185;Shipping carton (Brown) 356x356x279mm;2017;1;4;7;200;2;15;3;0;
537;232 - 930 - 13096;201;Red and white urgent despatch tape 48mmx75m;2017;1;4;7;144;4;15;3;0;
538;232 - 930 - 13096;4;USB food flash drive - sushi roll;2017;1;4;7;3;32;15;3;0;
539;233 - 442 - 19458;10;USB food flash drive - chocolate bar;2017;1;4;7;8;32;15;2;0;
540;233 - 442 - 19458;179;Shipping carton (Brown) 229x229x229mm;2017;1;4;7;125;1;15;2;0;
541;234 - 484 - 14609;176;Bubblewrap dispenser (Red) 1.5m;2017;1;4;7;6;240;15;2;0;28
542;234 - 484 - 14609;185;Shipping carton (Brown) 356x356x279mm;2017;1;4;7;50;2;15;2;0;
543;235 - 947 - 17206;217;Void fill 200 L bag (White) 200L;2017;1;4;7;80;25;15;1;0;
544;236 - 130 - 10944;101;"""The Gu"" red shirt XML tag t-shirt (Black) 7XL";2017;1;4;7;12;18;15;4;0;3
545;236 - 130 - 10944;114;Superhero action jacket (Blue) XXL;2017;1;4;7;9;30;15;4;0;4
546;236 - 130 - 10944;132;Furry gorilla with big eyes slippers (Black) L;2017;1;4;7;4;32;15;4;0;3
547;236 - 130 - 10944;151;Pack of 12 action figures (male);2017;1;4;9;2;16;15;4;0;
548;237 - 425 - 12886;156;10 mm Double sided bubble wrap 10m;2017;1;4;7;100;15;15;4;0;
549;237 - 425 - 12886;171;32 mm Anti static bubble wrap (Blue) 10m;2017;1;4;7;80;32;15;4;0;4
550;237 - 425 - 12886;202;Red and white urgent  heavy despatch tape  48mmx100m;2017;1;4;7;216;4;15;4;0;
551;237 - 425 - 12886;75;Ride on big wheel monster truck (Black) 1/12 scale;2017;1;4;7;3;345;15;4;0;3
552;238 - 196 - 10492;16;DBA joke mug - mind if I join you? (White);2017;1;4;7;7;13;15;3;0;35
553;238 - 196 - 10492;61;RC toy sedan car with remote control (Green) 1/50 scale;2017;1;4;7;6;25;15;3;0;
554;238 - 196 - 10492;2;USB rocket launcher (Gray);2017;1;4;7;4;25;15;3;0;12
555;239 - 576 - 15748;128;Plush shark slippers (Gray) L;2017;1;4;7;8;32;15;3;0;12
556;239 - 576 - 15748;212;Large  replacement blades 18mm;2017;1;4;7;70;4;15;3;0;
557;239 - 576 - 15748;53;IT joke mug - keyboard not found É press F1 to continue (Black);2017;1;4;7;7;13;15;3;0;3
558;240 - 180 - 19226;195;Black and orange handle with care despatch tape  48mmx75m;2017;1;4;7;168;4;15;2;0;
559;240 - 180 - 19226;85;"""The Gu"" red shirt XML tag t-shirt (White) 4XL";2017;1;4;7;96;18;15;2;0;35
560;241 - 100 - 17977;163;32 mm Double sided bubble wrap 20m;2017;1;4;7;100;37;15;4;0;
561;241 - 100 - 17977;166;10 mm Anti static bubble wrap (Blue) 20m;2017;1;4;7;90;42;15;4;0;4
562;241 - 100 - 17977;75;Ride on big wheel monster truck (Black) 1/12 scale;2017;1;4;7;6;345;15;4;0;3
563;241 - 100 - 17977;55;IT joke mug - that behavior is by design (Black);2017;1;4;7;4;13;15;4;0;3
564;242 - 501 - 15698;150;Pack of 12 action figures (variety);2017;1;4;9;3;16;15;5;0;
565;242 - 501 - 15698;175;Bubblewrap dispenser (Blue) 1.5m;2017;1;4;7;5;240;15;5;0;4
566;242 - 501 - 15698;13;USB food flash drive - shrimp cocktail;2017;1;4;7;1;32;15;5;0;
567;242 - 501 - 15698;28;DBA joke mug - two types of DBAs (White);2017;1;4;7;2;13;15;5;0;35
568;242 - 501 - 15698;146;Halloween skull mask (Gray) S;2017;1;4;7;24;18;15;5;0;12
569;243 - 548 - 13596;197;Black and orange this way up despatch tape 48mmx75m;2017;1;4;7;216;4;15;3;0;
570;243 - 548 - 13596;217;Void fill 200 L bag (White) 200L;2017;1;4;7;20;25;15;3;0;
571;243 - 548 - 13596;5;USB food flash drive - hamburger;2017;1;4;7;9;32;15;3;0;
572;244 - 89 - 13995;187;Express post box 5kg (White) 350x280x130mm;2017;1;4;7;75;1;15;3;0;
573;244 - 89 - 13995;72;Ride on toy sedan car (Pink) 1/12 scale;2017;1;4;7;5;230;15;3;0;
574;244 - 89 - 13995;173;32 mm Anti static bubble wrap (Blue) 50m;2017;1;4;7;30;105;15;3;0;4
575;245 - 854 - 19653;50;Developer joke mug - old C developers never die (White);2017;1;4;7;8;13;15;5;0;35
576;245 - 854 - 19653;139;Furry animal socks (Pink) M;2017;1;4;10;120;5;15;5;0;
577;245 - 854 - 19653;208;Permanent marker red 5mm nib (Red) 5mm;2017;1;4;7;48;3;15;5;0;
578;245 - 854 - 19653;151;Pack of 12 action figures (male);2017;1;4;9;1;16;15;5;0;
579;245 - 854 - 19653;172;32 mm Anti static bubble wrap (Blue) 20m;2017;1;4;7;60;48;15;5;0;4
580;246 - 949 - 12549;160;20 mm Double sided bubble wrap 20m;2017;1;4;7;60;33;15;4;0;
581;246 - 949 - 12549;212;Large  replacement blades 18mm;2017;1;4;7;10;4;15;4;0;
582;246 - 949 - 12549;2;USB rocket launcher (Gray);2017;1;4;7;3;25;15;4;0;12
583;246 - 949 - 12549;176;Bubblewrap dispenser (Red) 1.5m;2017;1;4;7;2;240;15;4;0;28
584;247 - 860 - 10826;154;Medium sized bubblewrap roll 20m;2017;1;4;7;80;20;15;2;0;
585;247 - 860 - 10826;6;USB food flash drive - hot dog;2017;1;4;7;2;32;15;2;0;
586;248 - 547 - 11572;188;3 kg Courier post bag (White) 300x190x95mm;2017;1;4;7;100;1;15;5;0;
587;248 - 547 - 11572;133;Furry gorilla with big eyes slippers (Black) XL;2017;1;4;7;4;32;15;5;0;3
588;248 - 547 - 11572;95;"""The Gu"" red shirt XML tag t-shirt (Black) XL";2017;1;4;7;36;18;15;5;0;3
589;248 - 547 - 11572;139;Furry animal socks (Pink) M;2017;1;4;10;108;5;15;5;0;
590;248 - 547 - 11572;41;Developer joke mug - (hip, hip, array) (Black);2017;1;4;7;7;13;15;5;0;3
591;249 - 121 - 19289;116;Superhero action jacket (Blue) 4XL;2017;1;4;7;3;34;15;2;0;4
592;249 - 121 - 19289;124;Ogre battery-powered slippers (Green) L;2017;1;4;7;9;32;15;2;0;
593;250 - 126 - 16309;93;"""The Gu"" red shirt XML tag t-shirt (Black) M";2017;1;4;7;96;18;15;3;0;3
594;250 - 126 - 16309;210;Packing knife with metal insert blade (Yellow) 18mm;2017;1;4;7;30;2;15;3;0;
595;250 - 126 - 16309;59;RC toy sedan car with remote control (Red) 1/50 scale;2017;1;4;7;9;25;15;3;0;28
